7.34718 58.1274
6.9103 57.8355
6.00118 57.228
5.14193 56.6539
5.0367 56.5836
4.12719 55.9756
3.34324 55.3356
3.25088 55.2439
2.49052 54.4836
2.39345 54.3865
1.65909 53.6521
1.49855 53.4913
0.830227 52.6921
0.702437 52.5051
0.144857 51.6706
0.0232783 51.4882
-0.488675 50.5362
-0.541065 50.4106
-0.844998 49.4411
-0.890879 49.2209
-1.00507 48.1619
-1.0072 47.9224
-0.91769 46.8362
-0.850896 46.4727
-0.498684 45.4562
-0.15644 44.8727
0.519937 44.0903
1.17859 43.5746
2.01106 42.9134
2.25722 42.6755
3.01758 41.9151
3.10746 41.8252
3.83369 41.099
4.51359 40.4191
5.2167 39.716
5.98729 38.9454
6.72244 38.2103
6.81711 38.1156
7.54271 37.39
7.70142 37.2313
8.4207 36.512
8.57661 36.3558
9.25491 35.5335
9.32923 35.4229
9.83408 34.4841
9.88541 34.3616
10.2856 33.3954
10.3349 33.2759
10.6321 32.3052
10.6568 32.1837
10.8625 31.1485
10.9454 30.2323
10.9453 29.3804
10.8528 28.5183
10.6645 27.5715
10.4558 26.5224
10.4079 26.2815
10.1994 25.2332
10.1053 24.7603
9.90255 23.7409
9.86022 23.5271
9.76618 22.4911
9.76618 21.6012
9.76635 20.7223
9.86866 19.7723
10.1563 18.8154
10.2101 18.684
10.6048 17.7312
10.7901 17.2831
11.1223 16.2937
11.2661 15.6692
11.3883 14.6031
11.394 14.2573
11.3036 13.2434
11.2627 13.0273
10.962 12.027
10.9142 11.9106
10.4059 10.978
9.83645 10.126
9.13185 9.28189
8.42214 8.57218
8.33403 8.48407
7.55245 7.70249
6.84279 6.99282
6.68805 6.83809
5.93623 6.08626
5.84577 5.99581
5.08906 5.23909
4.3401 4.49043
3.54959 3.83833
3.42911 3.75718
2.55412 3.17253
2.13399 2.89224
1.2014 2.34961
